27.65656
27.01905
26.62783
27.38899
27.44587
27.31412
27.7278
27.93212
28.55411
28.04251
27.45252
27.76526
27.46557
27.08966
27.25319
27.5113
27.47876
27.49508
27.46268
27.29943
26.63471
27.59291
27.0382
27.42323
26.83243
27.30197
27.6874
27.48722
27.14481
27.41111
27.39714
27.5921
27.12255
27.21328
26.73493
26.97103
27.24137
27.0196
26.86683
27.00429
26.89862
26.78221
26.90401
26.77793
27.06033
27.75143
26.96032
26.68874
27.20146
27.21678
26.90749
26.95116
26.84874
26.75007
26.92171
26.9874
27.63713
27.7294
27.14417
27.16781
27.36254
27.58238
27.76722
27.55896
27.31359
27.23812
27.60501
27.8591
27.47308
27.53098
28.03955
27.87388
27.83103
27.60058
27.81003
28.54538
27.34187
27.05178
27.27794
27.46427
27.45555
27.66855
27.66938
27.73437
27.35984
27.78588
27.33125
27.82299
27.88935
27.32318
27.56927
27.59089
27.60242
27.75051
27.25119
27.38489
27.629
27.33857
27.40096
27.76296
27.53928
27.29412
27.3025
27.47544
27.16533
27.34267
27.60398
27.45423
27.46218
27.82193
27.87638
27.62595
27.43625
27.61325
27.55815
27.60781
27.38994
28.17466
27.77029
27.8971
28.06211
27.39907
27.55925
27.61589
27.42185
28.07606
27.80028
27.92916
28.17582
27.93422
27.70177
27.87796
27.76045
28.40868
28.31811
28.43595
28.21418
27.77606
28.33805
28.17185
28.65902
28.24781
28.30132
28.29153
28.05643
28.30504
28.36498
28.43985
27.9321
28.12645
28.3531
