-0.2337391
-0.8712475
-1.262471
-0.5013134
-0.4444344
-0.5761806
-0.1625015
0.04182319
0.6638134
0.1522072
-0.4377815
-0.1250393
-0.4247334
-0.8006393
-0.637109
-0.3789971
-0.4115441
-0.3952191
-0.4276249
-0.5908749
-1.255592
-0.297395
-0.8521034
-0.467067
-1.05787
-0.5883304
-0.2029049
-0.4030811
-0.7454903
-0.4791939
-0.4931614
-0.298198
-0.7677528
-0.6770164
-1.15537
-0.9192726
-0.648925
-0.870702
-1.023467
-0.8860103
-0.9916813
-1.108094
-0.986293
-1.112373
-0.8299667
-0.1388676
-0.9299766
-1.20156
-0.6888439
-0.6735203
-0.982814
-0.9391415
-1.041562
-1.140233
-0.9685871
-0.9029018
-0.2531674
-0.1609013
-0.7461349
-0.7224895
-0.5277607
-0.3079178
-0.1230843
-0.33134
-0.5767052
-0.652177
-0.2852852
-0.03119584
-0.4172165
-0.3593189
0.149247
-0.0164158
-0.05926629
-0.2897236
-0.0802662
0.6550816
-0.5484306
-0.8385212
-0.6123592
-0.4260266
-0.4347546
-0.2217495
-0.2209179
-0.1559307
-0.5304577
-0.1044209
-0.5590488
-0.0673134
-0.000954831
-0.567115
-0.3210289
-0.2994148
-0.287883
-0.1397927
-0.639106
-0.5054066
-0.2612965
-0.5517322
-0.4893429
-0.1273415
-0.3510182
-0.5961773
-0.5878002
-0.4148552
-0.7249653
-0.5476295
-0.2863209
-0.4360707
-0.428117
-0.06837007
-0.01392099
-0.264354
-0.4540455
-0.2770474
-0.3321545
-0.2824948
-0.5003635
0.2843559
-0.1200096
0.006798541
0.1718052
-0.4912331
-0.331052
-0.2744133
-0.468446
0.1857593
-0.0900242
0.03885726
0.2855156
0.04391745
-0.1885311
-0.0123398
-0.1298477
0.51838
0.4278114
0.5456474
0.3238762
-0.114238
0.447747
0.281554
0.7687176
0.3575065
0.4110172
0.4012287
0.166127
0.4147404
0.4746807
0.549548
0.04180221
0.2361477
0.4627979
