-0.4732082
-0.4752167
-0.5192764
-0.4793289
-0.6060932
-0.4399002
-0.5176609
0.2621357
-0.1190231
-0.4388588
-0.5049751
-0.4111183
-0.5064114
-0.6400002
-0.5508907
-0.4471253
-0.6985157
-0.5490749
-0.2412384
-0.5202931
-0.8039272
-0.4556206
-0.6850193
-0.6950577
-0.6614483
-0.3286884
-0.1805809
-0.2766102
-0.6881664
-0.4028443
-0.2432278
-0.5631035
-0.472102
-0.8074196
-0.7792385
-0.4806622
-0.665366
-0.6394451
-0.890025
-0.9455803
-0.8810814
-0.8007229
-0.6716507
-0.6589115
-0.4604977
-0.4841183
-0.8933991
-0.8035439
-0.5380734
-0.7573021
-0.6062115
-0.4773434
-0.7760952
-0.6601265
-0.841069
-0.4976605
-0.4301899
-0.5043896
-0.6812733
-0.6130303
-0.3620995
-0.4118431
-0.5980099
-0.7904251
-0.4984024
-0.5506352
-0.4940899
-0.3943451
-0.6851051
-0.4155338
-0.01281434
0.1434872
-0.4703243
-0.3482159
-0.08595353
-0.0664795
-0.5175465
-0.6051186
-0.6287621
-0.6442154
-0.635722
-0.2839306
-0.4065083
-0.31688
-0.6494644
-0.7208298
-0.6435135
-0.1909493
-0.2262905
-0.3013008
-0.3588398
-0.4535835
-0.3610829
-0.1754521
-0.589175
-0.273774
-0.3218105
-0.5279225
-0.2180298
-0.1016548
-0.4378937
-0.5624416
-0.06744081
-0.3169068
-0.4111107
-0.6311024
-0.274865
-0.2079151
-0.3411358
-0.1138619
-0.1412666
-0.1451119
-0.03589326
-0.05223161
-0.1815498
-0.2643459
-0.1070316
0.2965595
-0.08956987
-0.1061199
-0.01311952
-0.03526574
-0.1189964
-0.1136959
-0.1131523
-0.02810746
-0.09113771
0.2991554
0.03914183
-0.2396572
-0.07603151
0.04226035
0.1047069
0.2645218
0.1470482
0.08960456
0.1770527
-0.0603531
0.08574027
0.3350765
-0.009257138
-0.08304864
0.1223595
0.1123058
0.2940246
0.6130955
0.3926269
0.3281624
0.2746708
0.3346664
0.2793609
