25.89209
25.89008
25.84602
25.88597
25.75921
25.9254
25.84764
26.62744
26.24628
25.92644
25.86032
25.95418
25.85889
25.7253
25.81441
25.91817
25.66678
25.81623
26.12406
25.84501
25.56137
25.90968
25.68028
25.67024
25.70385
26.03661
26.18472
26.08869
25.67713
25.96246
26.12207
25.8022
25.8932
25.55788
25.58606
25.88464
25.69993
25.72585
25.47528
25.41972
25.48422
25.56458
25.69365
25.70639
25.9048
25.88118
25.4719
25.56176
25.82723
25.608
25.75909
25.88796
25.5892
25.70517
25.52423
25.86764
25.93511
25.86091
25.68403
25.75227
26.0032
25.95346
25.76729
25.57487
25.8669
25.81466
25.87121
25.97095
25.68019
25.94977
26.35249
26.50879
25.89498
26.01708
26.27935
26.29882
25.84775
25.76018
25.73654
25.72108
25.72958
26.08137
25.95879
26.04842
25.71584
25.64447
25.72179
26.17435
26.13901
26.064
26.00646
25.91172
26.00422
26.18985
25.77612
26.09153
26.04349
25.83738
26.14727
26.26365
25.92741
25.80286
26.29786
26.04839
25.95419
25.7342
26.09044
26.15738
26.02416
26.25144
26.22403
26.22019
26.32941
26.31307
26.18375
26.10095
26.25827
26.66186
26.27573
26.25918
26.35218
26.33003
26.2463
26.2516
26.25215
26.33719
26.27416
26.66446
26.40444
26.12564
26.28927
26.40756
26.47001
26.62982
26.51235
26.4549
26.54235
26.30495
26.45104
26.70038
26.35604
26.28225
26.48766
26.47761
26.65932
26.9784
26.75793
26.69346
26.63997
26.69997
26.64466
