0.2394691
-0.3960308
-0.743195
-0.02198446
0.1616589
-0.1362804
0.3551594
-0.2203125
0.7828366
0.591066
0.0671936
0.286079
0.081678
-0.1606392
-0.08621824
0.0681282
0.2869717
0.1538559
-0.1863865
-0.07058179
-0.4516644
0.1582256
-0.1670841
0.2279907
-0.3964218
-0.259642
-0.022324
-0.126471
-0.05732381
-0.07634965
-0.2499336
0.2649055
-0.2956508
0.1304032
-0.3761315
-0.4386104
0.01644099
-0.2312568
-0.1334423
0.05956995
-0.1105999
-0.3073716
-0.3146423
-0.4534611
-0.369469
0.3452507
-0.03657758
-0.3980164
-0.1507705
0.08378184
-0.3766025
-0.4617981
-0.2654671
-0.4801068
-0.1275181
-0.4052414
0.1770225
0.3434883
-0.06486166
-0.1094593
-0.1656612
0.1039253
0.4749256
0.4590851
-0.07830274
-0.1015419
0.2088047
0.3631493
0.2678886
0.0562149
0.1620613
-0.159903
0.411058
0.05849227
0.005687334
0.7215611
-0.03088415
-0.2334026
0.01640284
0.2181889
0.2009674
0.06218109
0.1855904
0.1609493
0.1190068
0.6164089
0.08446467
0.1236359
0.2253357
-0.2658142
0.03781089
0.1541687
0.07319984
0.0356594
-0.04993093
-0.2316326
0.06051406
-0.02380979
-0.2713131
-0.02568665
0.08687553
-0.03373563
-0.5203594
-0.09794846
-0.3138546
0.08347285
-0.01145592
-0.2281555
-0.08698121
0.04549179
0.1273457
-0.1192421
-0.4181522
-0.2248158
-0.1506046
-0.01814881
-0.3933319
-0.0122036
-0.03043976
0.1129185
0.1849247
-0.4559673
-0.2120556
-0.1607174
-0.3552937
0.2138668
0.001113512
-0.2602982
0.2463737
0.2835747
-0.1124996
-0.05460014
-0.2345547
0.2538582
0.2807632
0.4560429
0.1468235
-0.05388489
0.3620068
-0.0535225
0.7779747
0.4405552
0.2886578
0.2889229
-0.1278977
-0.1983551
0.08205375
0.2213856
-0.2328686
-0.09851876
0.183437
