 1948 -4.44
 1948.08333333333 -5.78
 1948.16666666667 -7.31
 1948.25 -6.70
 1948.33333333333 -5.57
 1948.41666666667 -4.73
 1948.5 -5.51
 1948.58333333333 -7.22
 1948.66666666667 -7.24
 1948.75 -6.07
 1948.83333333333 -6.28
 1948.91666666667 -8.18
 1949 -9.77
 1949.08333333333 -11.80
 1949.16666666667 -11.72
 1949.25 -10.69
 1949.33333333333 -9.34
 1949.41666666667 -9.43
 1949.5 -9.07
 1949.58333333333 -9.08
 1949.66666666667 -8.32
 1949.75 -7.01
 1949.83333333333 -6.43
 1949.91666666667 -7.24
 1950 -8.99
 1950.08333333333 -11.37
 1950.16666666667 -10.63
 1950.25 -8.19
 1950.33333333333 -6.09
 1950.41666666667 -6.61
 1950.5 -7.11
 1950.58333333333 -6.51
 1950.66666666667 -3.82
 1950.75 -2.39
 1950.83333333333 -2.18
 1950.91666666667 -3.31
 1951 -6.01
 1951.08333333333 -5.32
 1951.16666666667 -1.93
 1951.25 0.91
 1951.33333333333 2.26
 1951.41666666667 -0.30
 1951.5 -2.70
 1951.58333333333 -5.31
 1951.66666666667 -5.92
 1951.75 -4.59
 1951.83333333333 -3.65
 1951.91666666667 -3.98
 1952 -6.80
 1952.08333333333 -7.71
 1952.16666666667 -6.99
 1952.25 -5.68
 1952.33333333333 -4.76
 1952.41666666667 -6.00
 1952.5 -7.60
 1952.58333333333 -8.15
 1952.66666666667 -5.73
 1952.75 -2.96
 1952.83333333333 -0.51
 1952.91666666667 -1.65
 1953 -2.94
 1953.08333333333 -2.68
 1953.16666666667 -1.22
 1953.25 1.30
 1953.33333333333 2.69
 1953.41666666667 1.86
 1953.5 0.10
 1953.58333333333 -1.21
 1953.66666666667 -1.28
 1953.75 -0.39
 1953.83333333333 -0.59
 1953.91666666667 -2.18
 1954 -5.05
 1954.08333333333 -6.88
 1954.16666666667 -7.98
 1954.25 -9.01
 1954.33333333333 -11.38
 1954.41666666667 -12.72
 1954.5 -13.40
 1954.58333333333 -14.53
 1954.66666666667 -12.83
 1954.75 -10.35
 1954.83333333333 -9.99
 1954.91666666667 -9.56
 1955 -5.82
 1955.08333333333 -1.71
 1955.16666666667 1.37
 1955.25 4.40
 1955.33333333333 6.58
 1955.41666666667 6.73
 1955.5 5.99
 1955.58333333333 7.20
 1955.66666666667 8.16
 1955.75 9.02
 1955.83333333333 7.63
 1955.91666666667 3.82
 1956 -1.01
 1956.08333333333 -3.23
 1956.16666666667 -2.01
 1956.25 -2.01
 1956.33333333333 -6.16
 1956.41666666667 -11.02
 1956.5 -13.04
 1956.58333333333 -15.17
 1956.66666666667 -14.67
 1956.75 -14.90
 1956.83333333333 -16.96
 1956.91666666667 -15.02
 1957 -13.05
 1957.08333333333 -11.89
 1957.16666666667 -6.68
 1957.25 -2.01
 1957.33333333333 1.80
 1957.41666666667 3.21
 1957.5 4.05
 1957.58333333333 6.30
 1957.66666666667 8.36
 1957.75 10.46
 1957.83333333333 10.11
 1957.91666666667 7.35
 1958 5.25
 1958.08333333333 4.10
 1958.16666666667 4.27
 1958.25 1.98
 1958.33333333333 -4.71
 1958.41666666667 -10.60
 1958.5 -13.91
 1958.58333333333 -15.59
 1958.66666666667 -15.93
 1958.75 -16.39
 1958.83333333333 -16.91
 1958.91666666667 -18.96
 1959 -20.06
 1959.08333333333 -17.24
 1959.16666666667 -14.02
 1959.25 -9.27
 1959.33333333333 -5.91
 1959.41666666667 -2.30
 1959.5 3.15
 1959.58333333333 7.07
 1959.66666666667 10.09
 1959.75 11.69
 1959.83333333333 10.71
 1959.91666666667 8.30
 1960 4.79
 1960.08333333333 3.39
 1960.16666666667 -0.04
 1960.25 -1.08
 1960.33333333333 -3.91
 1960.41666666667 -8.98
 1960.5 -13.86
 1960.58333333333 -16.04
 1960.66666666667 -16.01
 1960.75 -15.62
 1960.83333333333 -14.42
 1960.91666666667 -11.36
 1961 -5.47
 1961.08333333333 -0.62
 1961.16666666667 0.54
 1961.25 2.82
 1961.33333333333 6.88
 1961.41666666667 7.96
 1961.5 6.69
 1961.58333333333 5.60
 1961.66666666667 6.02
 1961.75 7.59
 1961.83333333333 8.74
 1961.91666666667 6.25
 1962 2.84
 1962.08333333333 3.68
 1962.16666666667 5.26
 1962.25 2.04
 1962.33333333333 -3.64
 1962.41666666667 -11.42
 1962.5 -15.49
 1962.58333333333 -15.00
 1962.66666666667 -15.19
 1962.75 -15.33
 1962.83333333333 -15.40
 1962.91666666667 -15.16
 1963 -17.35
 1963.08333333333 -16.68
 1963.16666666667 -19.93
 1963.25 -21.52
 1963.33333333333 -24.18
 1963.41666666667 -20.08
 1963.5 -9.27
 1963.58333333333 -1.35
 1963.66666666667 3.52
 1963.75 7.54
 1963.83333333333 8.87
 1963.91666666667 5.48
 1964 3.94
 1964.08333333333 5.26
 1964.16666666667 5.46
 1964.25 5.94
 1964.33333333333 6.32
 1964.41666666667 2.23
 1964.5 -0.56
 1964.58333333333 -0.57
 1964.66666666667 -0.67
 1964.75 0.42
 1964.83333333333 0.71
 1964.91666666667 0.04
 1965 -1.03
 1965.08333333333 -2.26
 1965.16666666667 -1.98
 1965.25 -3.44
 1965.33333333333 -7.10
 1965.41666666667 -12.01
 1965.5 -16.00
 1965.58333333333 -18.19
 1965.66666666667 -20.03
 1965.75 -20.13
 1965.83333333333 -19.74
 1965.91666666667 -21.27
 1966 -21.90
 1966.08333333333 -17.14
 1966.16666666667 -11.07
 1966.25 -2.33
 1966.33333333333 2.16
 1966.41666666667 5.42
 1966.5 7.47
 1966.58333333333 7.63
 1966.66666666667 9.23
 1966.75 11.00
 1966.83333333333 11.74
 1966.91666666667 13.26
 1967 11.03
 1967.08333333333 10.49
 1967.16666666667 10.94
 1967.25 10.13
 1967.33333333333 5.79
 1967.41666666667 -0.58
 1967.5 -5.65
 1967.58333333333 -6.76
 1967.66666666667 -6.06
 1967.75 -4.82
 1967.83333333333 -6.05
 1967.91666666667 -7.27
 1968 -8.38
 1968.08333333333 -10.21
 1968.16666666667 -9.11
 1968.25 -12.25
 1968.33333333333 -14.39
 1968.41666666667 -19.27
 1968.5 -21.00
 1968.58333333333 -21.82
 1968.66666666667 -17.45
 1968.75 -14.58
 1968.83333333333 -13.11
 1968.91666666667 -11.36
 1969 -8.58
 1969.08333333333 -4.43
 1969.16666666667 -1.50
 1969.25 3.98
 1969.33333333333 8.18
 1969.41666666667 9.35
 1969.5 9.08
 1969.58333333333 9.78
 1969.66666666667 9.74
 1969.75 9.75
 1969.83333333333 7.34
 1969.91666666667 5.00
 1970 0.30
 1970.08333333333 -1.41
 1970.16666666667 -4.63
 1970.25 -7.25
 1970.33333333333 -12.21
 1970.41666666667 -16.25
 1970.5 -18.62
 1970.58333333333 -21.38
 1970.66666666667 -21.67
 1970.75 -22.12
 1970.83333333333 -22.48
 1970.91666666667 -17.39
 1971 -10.67
 1971.08333333333 -3.67
 1971.16666666667 0.91
 1971.25 3.75
 1971.33333333333 6.77
 1971.41666666667 8.28
 1971.5 8.88
 1971.58333333333 8.34
 1971.66666666667 8.95
 1971.75 8.48
 1971.83333333333 8.47
 1971.91666666667 9.10
 1972 8.20
 1972.08333333333 7.95
 1972.16666666667 7.35
 1972.25 6.22
 1972.33333333333 -2.59
 1972.41666666667 -10.70
 1972.5 -15.45
 1972.58333333333 -19.28
 1972.66666666667 -20.40
 1972.75 -21.17
 1972.83333333333 -20.49
 1972.91666666667 -16.78
 1973 -4.40
 1973.08333333333 0.08
 1973.16666666667 3.40
 1973.25 6.28
 1973.33333333333 8.12
 1973.41666666667 8.63
 1973.5 6.94
 1973.58333333333 5.86
 1973.66666666667 5.51
 1973.75 5.20
 1973.83333333333 4.92
 1973.91666666667 2.31
 1974 -0.91
 1974.08333333333 -1.31
 1974.16666666667 -1.08
 1974.25 -1.92
 1974.33333333333 -7.58
 1974.41666666667 -13.86
 1974.5 -19.58
 1974.58333333333 -23.14
 1974.66666666667 -23.52
 1974.75 -23.12
 1974.83333333333 -22.48
 1974.91666666667 -22.57
 1975 -16.70
 1975.08333333333 -15.39
 1975.16666666667 -13.04
 1975.25 -5.12
 1975.33333333333 1.18
 1975.41666666667 4.47
 1975.5 7.41
 1975.58333333333 9.06
 1975.66666666667 10.25
 1975.75 10.65
 1975.83333333333 11.27
 1975.91666666667 10.95
 1976 9.22
 1976.08333333333 8.92
 1976.16666666667 9.70
 1976.25 11.53
 1976.33333333333 10.04
 1976.41666666667 2.78
 1976.5 -1.90
 1976.58333333333 -4.89
 1976.66666666667 -6.19
 1976.75 -8.23
 1976.83333333333 -8.89
 1976.91666666667 -11.85
 1977 -14.44
 1977.08333333333 -14.90
 1977.16666666667 -17.61
 1977.25 -14.93
 1977.33333333333 -17.14
 1977.41666666667 -21.33
 1977.5 -18.17
 1977.58333333333 -11.24
 1977.66666666667 -5.09
 1977.75 -1.81
 1977.83333333333 -0.26
 1977.91666666667 1.69
 1978 3.21
 1978.08333333333 6.07
 1978.16666666667 9.34
 1978.25 12.98
 1978.33333333333 12.23
 1978.41666666667 8.36
 1978.5 6.02
 1978.58333333333 5.84
 1978.66666666667 5.91
 1978.75 6.22
 1978.83333333333 4.04
 1978.91666666667 1.46
 1979 1.86
 1979.08333333333 4.12
 1979.16666666667 0.89
 1979.25 -3.57
 1979.33333333333 -12.90
 1979.41666666667 -19.60
 1979.5 -21.27
 1979.58333333333 -22.24
 1979.66666666667 -22.70
 1979.75 -23.32
 1979.83333333333 -22.20
 1979.91666666667 -16.99
 1980 -10.11
 1980.08333333333 -5.65
 1980.16666666667 -2.90
 1980.25 2.31
 1980.33333333333 6.24
 1980.41666666667 7.33
 1980.5 8.74
 1980.58333333333 9.61
 1980.66666666667 12.67
 1980.75 13.10
 1980.83333333333 12.15
 1980.91666666667 9.73
 1981 8.51
 1981.08333333333 6.72
 1981.16666666667 7.51
 1981.25 8.28
 1981.33333333333 3.01
 1981.41666666667 -3.49
 1981.5 -5.22
 1981.58333333333 -8.24
 1981.66666666667 -8.59
 1981.75 -9.53
 1981.83333333333 -9.62
 1981.91666666667 -12.31
 1982 -12.52
 1982.08333333333 -14.71
 1982.16666666667 -16.67
 1982.25 -15.55
 1982.33333333333 -15.26
 1982.41666666667 -15.94
 1982.5 -8.95
 1982.58333333333 -1.58
 1982.66666666667 4.21
 1982.75 8.27
 1982.83333333333 9.51
 1982.91666666667 10.35
 1983 10.85
 1983.08333333333 11.40
 1983.16666666667 12.17
 1983.25 13.81
 1983.33333333333 11.93
 1983.41666666667 3.12
 1983.5 -3.38
 1983.58333333333 -6.53
 1983.66666666667 -7.75
 1983.75 -10.12
 1983.83333333333 -10.29
 1983.91666666667 -11.42
 1984 -10.65
 1984.08333333333 -11.34
 1984.16666666667 -12.98
 1984.25 -14.58
 1984.33333333333 -15.05
 1984.41666666667 -17.97
 1984.5 -25.39
 1984.58333333333 -27.90
 1984.66666666667 -25.44
 1984.75 -21.59
 1984.83333333333 -13.19
 1984.91666666667 -8.16
 1985 -0.37
 1985.08333333333 4.21
 1985.16666666667 6.30
 1985.25 11.11
 1985.33333333333 13.57
 1985.41666666667 14.04
 1985.5 11.10
 1985.58333333333 11.08
 1985.66666666667 11.72
 1985.75 11.84
 1985.83333333333 11.45
 1985.91666666667 9.51
 1986 8.74
 1986.08333333333 10.15
 1986.16666666667 11.96
 1986.25 9.11
 1986.33333333333 3.56
 1986.41666666667 -2.15
 1986.5 -5.25
 1986.58333333333 -9.60
 1986.66666666667 -10.21
 1986.75 -9.60
 1986.83333333333 -8.01
 1986.91666666667 -10.51
 1987 -9.93
 1987.08333333333 -11.37
 1987.16666666667 -14.23
 1987.25 -16.20
 1987.33333333333 -20.05
 1987.41666666667 -21.47
 1987.5 -13.96
 1987.58333333333 -0.60
 1987.66666666667 5.88
 1987.75 9.35
 1987.83333333333 9.23
 1987.91666666667 8.41
 1988 7.81
 1988.08333333333 6.17
 1988.16666666667 5.86
 1988.25 6.59
 1988.33333333333 5.46
 1988.41666666667 0.42
 1988.5 -3.96
 1988.58333333333 -2.58
 1988.66666666667 -2.29
 1988.75 -1.53
 1988.83333333333 -0.84
 1988.91666666667 -2.42
 1989 -2.87
 1989.08333333333 -3.56
 1989.16666666667 -1.63
 1989.25 -1.93
 1989.33333333333 -5.46
 1989.41666666667 -9.38
 1989.5 -13.86
 1989.58333333333 -16.98
 1989.66666666667 -18.83
 1989.75 -21.30
 1989.83333333333 -19.01
 1989.91666666667 -13.54
 1990 -8.71
 1990.08333333333 -6.74
 1990.16666666667 0.95
 1990.25 5.72
 1990.33333333333 11.46
 1990.41666666667 12.90
 1990.5 12.54
 1990.58333333333 12.63
 1990.66666666667 13.21
 1990.75 12.39
 1990.83333333333 11.55
 1990.91666666667 10.68
 1991 8.71
 1991.08333333333 8.44
 1991.16666666667 9.00
 1991.25 10.69
 1991.33333333333 3.82
 1991.41666666667 -3.34
 1991.5 -10.36
 1991.58333333333 -14.69
 1991.66666666667 -13.96
 1991.75 -12.21
 1991.83333333333 -12.27
 1991.91666666667 -12.68
 1992 -13.96
 1992.08333333333 -14.33
 1992.16666666667 -16.84
 1992.25 -17.79
 1992.33333333333 -15.96
 1992.41666666667 -15.34
 1992.5 -12.05
 1992.58333333333 -4.75
 1992.66666666667 1.30
 1992.75 3.94
 1992.83333333333 6.33
 1992.91666666667 8.19
 1993 9.63
 1993.08333333333 10.81
 1993.16666666667 11.36
 1993.25 12.60
 1993.33333333333 13.56
 1993.41666666667 6.55
 1993.5 0.38
 1993.58333333333 -1.20
 1993.66666666667 -1.14
 1993.75 -4.04
 1993.83333333333 -5.76
 1993.91666666667 -6.00
 1994 -7.64
 1994.08333333333 -9.84
 1994.16666666667 -11.29
 1994.25 -14.71
 1994.33333333333 -18.03
 1994.41666666667 -23.09
 1994.5 -28.65
 1994.58333333333 -27.02
 1994.66666666667 -19.07
 1994.75 -10.29
 1994.83333333333 -0.30
 1994.91666666667 5.93
 1995 8.38
 1995.08333333333 8.01
 1995.16666666667 8.79
 1995.25 11.79
 1995.33333333333 14.92
 1995.41666666667 15.62
 1995.5 11.74
 1995.58333333333 9.53
 1995.66666666667 6.98
 1995.75 3.43
 1995.83333333333 -0.77
 1995.91666666667 -4.57
 1996 -5.79
 1996.08333333333 -6.90
 1996.16666666667 -9.92
 1996.25 -11.08
 1996.33333333333 -14.88
 1996.41666666667 -17.03
 1996.5 -23.93
 1996.58333333333 -25.85
 1996.66666666667 -26.02
 1996.75 -23.40
 1996.83333333333 -18.08
 1996.91666666667 -9.86
 1997 -3.57
 1997.08333333333 1.94
 1997.16666666667 4.77
 1997.25 9.74
 1997.33333333333 12.37
 1997.41666666667 14.50
 1997.5 14.85
 1997.58333333333 11.69
 1997.66666666667 11.64
 1997.75 9.91
 1997.83333333333 5.74
 1997.91666666667 0.78
 1998 -0.85
 1998.08333333333 -2.96
 1998.16666666667 -4.92
 1998.25 -7.82
 1998.33333333333 -14.08
 1998.41666666667 -18.57
 1998.5 -22.97
 1998.58333333333 -24.70
 1998.66666666667 -22.12
 1998.75 -18.77
 1998.83333333333 -12.22
 1998.91666666667 -3.96
 1999 3.09
 1999.08333333333 5.84
 1999.16666666667 8.59
 1999.25 13.51
 1999.33333333333 15.56
 1999.41666666667 15.23
 1999.5 14.11
 1999.58333333333 11.91
 1999.66666666667 11.18
 1999.75 10.62
 1999.83333333333 6.01
 1999.91666666667 6.43
 2000 4.85
 2000.08333333333 4.20
 2000.16666666667 5.51
 2000.25 3.98
 2000.33333333333 -0.99
 2000.41666666667 -7.83
 2000.5 -13.13
 2000.58333333333 -15.31
 2000.66666666667 -15.52
 2000.75 -14.04
 2000.83333333333 -15.07
 2000.91666666667 -14.56
 2001 -15.69
 2001.08333333333 -15.53
 2001.16666666667 -15.99
 2001.25 -17.73
 2001.33333333333 -20.99
 2001.41666666667 -23.31
 2001.5 -24.45
 2001.58333333333 -21.67
 2001.66666666667 -14.29
 2001.75 -10.81
 2001.83333333333 -3.88
 2001.91666666667 1.48
 2002 4.64
 2002.08333333333 8.00
 2002.16666666667 9.32
 2002.25 14.03
 2002.33333333333 14.16
 2002.41666666667 13.26
 2002.5 10.05
 2002.58333333333 10.60
 2002.66666666667 8.90
 2002.75 7.66
 2002.83333333333 4.46
 2002.91666666667 -0.50
 2003 -1.39
 2003.08333333333 -1.43
 2003.16666666667 -3.30
 2003.25 -8.56
 2003.33333333333 -13.63
 2003.41666666667 -17.71
 2003.5 -22.99
 2003.58333333333 -24.64
 2003.66666666667 -22.51
 2003.75 -20.34
 2003.83333333333 -17.86
 2003.91666666667 -11.38
 2004 -4.84
 2004.08333333333 2.61
 2004.16666666667 5.45
 2004.25 10.46
 2004.33333333333 12.97
 2004.41666666667 11.75
 2004.5 9.96
 2004.58333333333 8.74
 2004.66666666667 7.29
 2004.75 8.00
 2004.83333333333 4.35
 2004.91666666667 2.45
 2005 -0.69
 2005.08333333333 -0.96
 2005.16666666667 -0.33
 2005.25 -6.64
 2005.33333333333 -15.09
 2005.41666666667 -20.59
 2005.5 -24.20
 2005.58333333333 -25.87
 2005.66666666667 -27.80
 2005.75 -28.76
 2005.83333333333 -29.55
 2005.91666666667 -25.04
 2006 -18.83
 2006.08333333333 -11.24
 2006.16666666667 -0.38
 2006.25 5.00
 2006.33333333333 10.36
 2006.41666666667 11.47
 2006.5 10.75
 2006.58333333333 9.10
 2006.66666666667 10.20
 2006.75 10.86
 2006.83333333333 10.10
 2006.91666666667 6.21
 2007 2.61
 2007.08333333333 2.43
 2007.16666666667 1.24
 2007.25 -5.18
 2007.33333333333 -14.06
 2007.41666666667 -21.33
 2007.5 -24.92
 2007.58333333333 -27.41
 2007.66666666667 -28.13
 2007.75 -29.05
 2007.83333333333 -27.61
 2007.91666666667 -19.48
 2008 -12.42
 2008.08333333333 -4.70
 2008.16666666667 2.19
 2008.25 6.43
 2008.33333333333 11.53
 2008.41666666667 13.45
 2008.5 13.27
 2008.58333333333 11.63
 2008.66666666667 11.60
 2008.75 11.05
 2008.83333333333 9.13
 2008.91666666667 10.46
 2009 10.71
 2009.08333333333 12.33
 2009.16666666667 11.44
 2009.25 9.11
 2009.33333333333 1.56
 2009.41666666667 -5.47
 2009.5 -12.21
 2009.58333333333 -14.45
 2009.66666666667 -13.81
 2009.75 -11.69
 2009.83333333333 -13.83
 2009.91666666667 -15.57
 2010 -16.02
 2010.08333333333 -16.98
 2010.16666666667 -19.68
 2010.25 -23.57
 2010.33333333333 -26.28
 2010.41666666667 -25.05
 2010.5 -9.84
 2010.58333333333 1.45
 2010.66666666667 6.58
 2010.75 10.83
 2010.83333333333 12.16
 2010.91666666667 10.97
 2011 9.18
 2011.08333333333 10.05
 2011.16666666667 10.44
 2011.25 10.71
 2011.33333333333 10.02
 2011.41666666667 3.90
 2011.5 0.44
 2011.58333333333 -0.49
 2011.66666666667 -2.30
 2011.75 -3.05
 2011.83333333333 -9.09
 2011.91666666667 -16.25
 2012 -16.07
 2012.08333333333 -15.25
 2012.16666666667 -16.74
 2012.25 -17.62
 2012.33333333333 -22.04
 2012.41666666667 -25.89
 2012.5 -27.82
 2012.58333333333 -27.93
 2012.66666666667 -26.60
 2012.75 -24.51
 2012.83333333333 -18.95
 2012.91666666667 -10.02
 2013 -6.07
 2013.08333333333 -1.23
 2013.16666666667 2.85
 2013.25 8.39
 2013.33333333333 12.64
 2013.41666666667 13.38
 2013.5 14.27
 2013.58333333333 14.66
 2013.66666666667 13.12
 2013.75 11.69
 2013.83333333333 12.45
 2013.91666666667 12.55
 2014 13.13
 2014.08333333333 12.68
 2014.16666666667 11.72
 2014.25 7.15
 2014.33333333333 -2.81
 2014.41666666667 -13.98
 2014.5 -19.29
 2014.58333333333 -21.64
 2014.66666666667 -23.24
 2014.75 -23.86
 2014.83333333333 -23.65
 2014.91666666667 -25.38
 2015 -26.70
 2015.08333333333 -28.62
 2015.16666666667 -28.15
 2015.25 -24.38
 2015.33333333333 -12.33
 2015.41666666667 2.18
 2015.5 7.45
 2015.58333333333 10.97
 2015.66666666667 12.07
 2015.75 13.38
 2015.83333333333 12.79
 2015.91666666667 11.39
 2016 9.34
 2016.08333333333 6.77
 2016.16666666667 3.16
 2016.25 0.64
 2016.33333333333 2.37
 2016.41666666667 3.86
 2016.5 6.25
 2016.58333333333 10.07
 2016.66666666667 10.48
 2016.75 12.83
 2016.83333333333 14.16
 2016.91666666667 15.09
 2017 14.92
 2017.08333333333 14.78
 2017.16666666667 14.35
 2017.25 13.88
 2017.33333333333 8.01
 2017.41666666667 -3.18
 2017.5 -10.48
 2017.58333333333 -14.42
 2017.66666666667 -15.28
 2017.75 -16.79
 2017.83333333333 -17.20
 2017.91666666667 -18.12
 2018 -19.02
 2018.08333333333 -19.37
 2018.16666666667 -19.77
 2018.25 -21.41
 2018.33333333333 -24.23
 2018.41666666667 -28.45
 2018.5 -29.10
 2018.58333333333 -20.41
 2018.66666666667 -9.91
 2018.75 -2.79
 2018.83333333333 3.36
 2018.91666666667 8.05
 2019 9.02
 2019.08333333333 9.25
 2019.16666666667 11.82
 2019.25 13.36
 2019.33333333333 14.59
 2019.41666666667 14.36
 2019.5 10.96
 2019.58333333333 9.97
 2019.66666666667 8.25
 2019.75 7.27
 2019.83333333333 5.07
 2019.91666666667 1.66
 2020 -2.51
 2020.08333333333 -3.20
 2020.16666666667 -4.36
 2020.25 -5.03
 2020.33333333333 -4.86
 2020.41666666667 -2.78
 2020.5 0.34
 2020.58333333333 4.78
 2020.66666666667 7.95
 2020.75 10.80
 2020.83333333333 11.15
 2020.91666666667 10.37
 2021 10.19
 2021.08333333333 8.92
 2021.16666666667 9.75
 2021.25 5.25
 2021.33333333333 0.31
 2021.41666666667 -6.93
 2021.5 -13.17
 2021.58333333333 -13.82
 2021.66666666667 -16.56
 2021.75 -19.14
 2021.83333333333 -19.78
 2021.91666666667 -21.58
 2022 -23.01
 2022.08333333333 -25.19
 2022.16666666667 -26.34
 2022.25 -26.20
 2022.33333333333 -19.70
 2022.41666666667 -3.78
 2022.5 3.04
 2022.58333333333 7.87
 2022.66666666667 9.80
 2022.75  
 2022.83333333333  
 2022.91666666667  
