 1948  
 1948.08333333333  
 1948.16666666667  
 1948.25  
 1948.33333333333  
 1948.41666666667  
 1948.5  
 1948.58333333333  
 1948.66666666667  
 1948.75  
 1948.83333333333  
 1948.91666666667  
 1949  
 1949.08333333333  
 1949.16666666667  
 1949.25  
 1949.33333333333  
 1949.41666666667  
 1949.5  
 1949.58333333333  
 1949.66666666667  
 1949.75  
 1949.83333333333  
 1949.91666666667  
 1950  
 1950.08333333333  
 1950.16666666667  
 1950.25  
 1950.33333333333  
 1950.41666666667  
 1950.5  
 1950.58333333333  
 1950.66666666667  
 1950.75  
 1950.83333333333  
 1950.91666666667  
 1951 2.50
 1951.08333333333 1.50
 1951.16666666667 -0.20
 1951.25 -0.50
 1951.33333333333 -1.10
 1951.41666666667 0.30
 1951.5 -1.70
 1951.58333333333 -0.40
 1951.66666666667 -1.80
 1951.75 -1.60
 1951.83333333333 -1.30
 1951.91666666667 -1.20
 1952 -1.50
 1952.08333333333 -1.00
 1952.16666666667 0.90
 1952.25 -0.40
 1952.33333333333 1.20
 1952.41666666667 1.20
 1952.5 0.80
 1952.58333333333 0.10
 1952.66666666667 -0.40
 1952.75 0.60
 1952.83333333333 0.00
 1952.91666666667 -2.00
 1953 0.50
 1953.08333333333 -0.80
 1953.16666666667 -0.30
 1953.25 0.30
 1953.33333333333 -2.80
 1953.41666666667 0.20
 1953.5 -0.00
 1953.58333333333 -2.00
 1953.66666666667 -2.10
 1953.75 0.10
 1953.83333333333 -0.50
 1953.91666666667 -0.80
 1954 1.10
 1954.08333333333 -0.50
 1954.16666666667 0.40
 1954.25 1.10
 1954.33333333333 0.80
 1954.41666666667 0.20
 1954.5 0.70
 1954.58333333333 1.80
 1954.66666666667 0.30
 1954.75 0.40
 1954.83333333333 0.20
 1954.91666666667 2.30
 1955 -0.90
 1955.08333333333 3.10
 1955.16666666667 1.10
 1955.25 -0.20
 1955.33333333333 1.70
 1955.41666666667 2.20
 1955.5 2.60
 1955.58333333333 2.40
 1955.66666666667 2.20
 1955.75 2.50
 1955.83333333333 2.00
 1955.91666666667 1.60
 1956 2.20
 1956.08333333333 2.70
 1956.16666666667 2.20
 1956.25 1.50
 1956.33333333333 2.30
 1956.41666666667 1.80
 1956.5 1.80
 1956.58333333333 2.00
 1956.66666666667 0.10
 1956.75 2.90
 1956.83333333333 0.20
 1956.91666666667 1.80
 1957 1.00
 1957.08333333333 -0.10
 1957.16666666667 0.30
 1957.25 0.40
 1957.33333333333 -1.10
 1957.41666666667 0.30
 1957.5 0.40
 1957.58333333333 -0.80
 1957.66666666667 -1.50
 1957.75 0.10
 1957.83333333333 -1.60
 1957.91666666667 -0.50
 1958 -3.10
 1958.08333333333 -0.80
 1958.16666666667 0.40
 1958.25 0.60
 1958.33333333333 -0.80
 1958.41666666667 0.50
 1958.5 0.70
 1958.58333333333 1.50
 1958.66666666667 -0.50
 1958.75 0.10
 1958.83333333333 -0.70
 1958.91666666667 -1.00
 1959 -1.50
 1959.08333333333 -2.30
 1959.16666666667 2.10
 1959.25 0.70
 1959.33333333333 0.80
 1959.41666666667 -0.20
 1959.5 -0.40
 1959.58333333333 -0.20
 1959.66666666667 0.00
 1959.75 0.80
 1959.83333333333 1.50
 1959.91666666667 1.50
 1960 0.20
 1960.08333333333 0.20
 1960.16666666667 1.70
 1960.25 1.30
 1960.33333333333 0.90
 1960.41666666667 0.20
 1960.5 0.80
 1960.58333333333 1.30
 1960.66666666667 1.10
 1960.75 0.20
 1960.83333333333 0.90
 1960.91666666667 1.30
 1961 -0.40
 1961.08333333333 1.50
 1961.16666666667 -3.00
 1961.25 1.30
 1961.33333333333 0.50
 1961.41666666667 0.20
 1961.5 0.40
 1961.58333333333 0.20
 1961.66666666667 0.10
 1961.75 -0.50
 1961.83333333333 0.90
 1961.91666666667 2.50
 1962 3.30
 1962.08333333333 -0.50
 1962.16666666667 0.20
 1962.25 0.30
 1962.33333333333 1.80
 1962.41666666667 1.20
 1962.5 0.10
 1962.58333333333 1.00
 1962.66666666667 0.70
 1962.75 1.60
 1962.83333333333 0.50
 1962.91666666667 0.30
 1963 1.70
 1963.08333333333 0.90
 1963.16666666667 1.90
 1963.25 1.30
 1963.33333333333 0.60
 1963.41666666667 -0.80
 1963.5 -0.20
 1963.58333333333 0.00
 1963.66666666667 -1.00
 1963.75 -2.00
 1963.83333333333 -1.40
 1963.91666666667 -2.00
 1964 -0.60
 1964.08333333333 0.10
 1964.16666666667 1.90
 1964.25 1.80
 1964.33333333333 0.40
 1964.41666666667 1.20
 1964.5 0.90
 1964.58333333333 2.50
 1964.66666666667 2.10
 1964.75 2.20
 1964.83333333333 0.30
 1964.91666666667 -0.50
 1965 -0.70
 1965.08333333333 0.70
 1965.16666666667 1.20
 1965.25 -0.90
 1965.33333333333 0.30
 1965.41666666667 -0.90
 1965.5 -3.00
 1965.58333333333 -1.10
 1965.66666666667 -2.20
 1965.75 -1.50
 1965.83333333333 -2.40
 1965.91666666667 0.30
 1966 -2.20
 1966.08333333333 -0.40
 1966.16666666667 -1.50
 1966.25 -0.30
 1966.33333333333 -0.70
 1966.41666666667 0.50
 1966.5 0.10
 1966.58333333333 1.10
 1966.66666666667 -0.40
 1966.75 -0.20
 1966.83333333333 -0.00
 1966.91666666667 -0.60
 1967 2.80
 1967.08333333333 2.80
 1967.16666666667 2.00
 1967.25 -0.10
 1967.33333333333 -0.00
 1967.41666666667 1.10
 1967.5 0.30
 1967.58333333333 1.20
 1967.66666666667 0.80
 1967.75 0.10
 1967.83333333333 -0.70
 1967.91666666667 -0.90
 1968 0.90
 1968.08333333333 2.10
 1968.16666666667 0.20
 1968.25 0.00
 1968.33333333333 2.10
 1968.41666666667 1.80
 1968.5 1.10
 1968.58333333333 0.40
 1968.66666666667 -0.40
 1968.75 -0.10
 1968.83333333333 -0.60
 1968.91666666667 0.30
 1969 -2.40
 1969.08333333333 -0.90
 1969.16666666667 0.70
 1969.25 -0.60
 1969.33333333333 -0.40
 1969.41666666667 0.30
 1969.5 -0.80
 1969.58333333333 -0.20
 1969.66666666667 -1.60
 1969.75 -1.50
 1969.83333333333 -0.10
 1969.91666666667 0.70
 1970 -1.90
 1970.08333333333 -1.70
 1970.16666666667 1.00
 1970.25 -0.10
 1970.33333333333 0.60
 1970.41666666667 1.60
 1970.5 -0.60
 1970.58333333333 1.00
 1970.66666666667 1.90
 1970.75 1.70
 1970.83333333333 2.60
 1970.91666666667 3.20
 1971 0.60
 1971.08333333333 3.30
 1971.16666666667 3.80
 1971.25 2.80
 1971.33333333333 1.40
 1971.41666666667 0.70
 1971.5 0.40
 1971.58333333333 2.50
 1971.66666666667 2.30
 1971.75 2.80
 1971.83333333333 0.90
 1971.91666666667 0.40
 1972 0.80
 1972.08333333333 1.80
 1972.16666666667 1.10
 1972.25 -0.20
 1972.33333333333 -2.60
 1972.41666666667 -0.90
 1972.5 -2.40
 1972.58333333333 -0.80
 1972.66666666667 -2.20
 1972.75 -1.50
 1972.83333333333 -0.60
 1972.91666666667 -2.10
 1973 -0.50
 1973.08333333333 -2.30
 1973.16666666667 1.20
 1973.25 0.10
 1973.33333333333 0.70
 1973.41666666667 1.80
 1973.5 1.00
 1973.58333333333 2.10
 1973.66666666667 2.00
 1973.75 1.30
 1973.83333333333 4.30
 1973.91666666667 3.00
 1974 4.00
 1974.08333333333 3.40
 1974.16666666667 4.00
 1974.25 1.60
 1974.33333333333 1.60
 1974.41666666667 0.70
 1974.5 1.90
 1974.58333333333 1.30
 1974.66666666667 1.80
 1974.75 1.50
 1974.83333333333 -0.20
 1974.91666666667 0.30
 1975 -0.80
 1975.08333333333 1.30
 1975.16666666667 2.60
 1975.25 1.90
 1975.33333333333 1.10
 1975.41666666667 2.10
 1975.5 3.10
 1975.58333333333 3.30
 1975.66666666667 3.40
 1975.75 2.80
 1975.83333333333 1.90
 1975.91666666667 3.50
 1976 2.30
 1976.08333333333 2.80
 1976.16666666667 2.90
 1976.25 0.50
 1976.33333333333 0.60
 1976.41666666667 0.40
 1976.5 -1.40
 1976.58333333333 -1.30
 1976.66666666667 -1.90
 1976.75 0.70
 1976.83333333333 1.20
 1976.91666666667 -0.60
 1977 -0.70
 1977.08333333333 2.00
 1977.16666666667 -0.90
 1977.25 -0.70
 1977.33333333333 -0.80
 1977.41666666667 -1.50
 1977.5 -1.90
 1977.58333333333 -1.30
 1977.66666666667 -1.30
 1977.75 -1.70
 1977.83333333333 -2.10
 1977.91666666667 -1.70
 1978 -0.50
 1978.08333333333 -4.40
 1978.16666666667 -0.30
 1978.25 -0.50
 1978.33333333333 2.20
 1978.41666666667 1.10
 1978.5 0.90
 1978.58333333333 0.70
 1978.66666666667 0.10
 1978.75 -0.60
 1978.83333333333 -0.00
 1978.91666666667 -0.10
 1979 -0.70
 1979.08333333333 1.60
 1979.16666666667 0.20
 1979.25 -0.20
 1979.33333333333 0.80
 1979.41666666667 1.10
 1979.5 2.20
 1979.58333333333 -0.30
 1979.66666666667 0.20
 1979.75 -0.20
 1979.83333333333 -0.70
 1979.91666666667 -1.20
 1980 0.70
 1980.08333333333 0.50
 1980.16666666667 -0.70
 1980.25 -1.00
 1980.33333333333 -0.00
 1980.41666666667 -0.00
 1980.5 -0.10
 1980.58333333333 0.60
 1980.66666666667 -0.80
 1980.75 0.00
 1980.83333333333 -0.60
 1980.91666666667 -0.10
 1981 0.60
 1981.08333333333 -0.30
 1981.16666666667 -2.10
 1981.25 -0.20
 1981.33333333333 1.30
 1981.41666666667 2.00
 1981.5 1.40
 1981.58333333333 1.20
 1981.66666666667 0.50
 1981.75 -0.60
 1981.83333333333 0.30
 1981.91666666667 0.80
 1982 2.00
 1982.08333333333 0.40
 1982.16666666667 1.00
 1982.25 0.10
 1982.33333333333 -0.60
 1982.41666666667 -1.70
 1982.5 -2.50
 1982.58333333333 -2.90
 1982.66666666667 -2.90
 1982.75 -2.80
 1982.83333333333 -4.30
 1982.91666666667 -3.70
 1983 -5.80
 1983.08333333333 -6.00
 1983.16666666667 -4.00
 1983.25 -1.50
 1983.33333333333 1.00
 1983.41666666667 0.10
 1983.5 -1.00
 1983.58333333333 0.20
 1983.66666666667 1.40
 1983.75 0.70
 1983.83333333333 -0.20
 1983.91666666667 0.00
 1984 0.30
 1984.08333333333 1.40
 1984.16666666667 -0.40
 1984.25 0.60
 1984.33333333333 0.30
 1984.41666666667 -0.60
 1984.5 0.30
 1984.58333333333 0.70
 1984.66666666667 0.20
 1984.75 -0.50
 1984.83333333333 0.40
 1984.91666666667 -0.20
 1985 -0.50
 1985.08333333333 2.00
 1985.16666666667 1.30
 1985.25 1.90
 1985.33333333333 0.70
 1985.41666666667 -0.60
 1985.5 -0.20
 1985.58333333333 1.60
 1985.66666666667 0.00
 1985.75 -0.60
 1985.83333333333 -0.30
 1985.91666666667 0.40
 1986 1.60
 1986.08333333333 -1.70
 1986.16666666667 0.80
 1986.25 0.50
 1986.33333333333 -0.40
 1986.41666666667 1.60
 1986.5 0.50
 1986.58333333333 -0.60
 1986.66666666667 -0.80
 1986.75 1.10
 1986.83333333333 -2.00
 1986.91666666667 -2.40
 1987 -1.10
 1987.08333333333 -2.10
 1987.16666666667 -2.10
 1987.25 -2.30
 1987.33333333333 -2.10
 1987.41666666667 -1.80
 1987.5 -2.20
 1987.58333333333 -1.50
 1987.66666666667 -1.70
 1987.75 -0.60
 1987.83333333333 -0.00
 1987.91666666667 -0.80
 1988 -0.20
 1988.08333333333 -0.60
 1988.16666666667 1.10
 1988.25 0.20
 1988.33333333333 1.50
 1988.41666666667 0.10
 1988.5 1.70
 1988.58333333333 2.50
 1988.66666666667 3.00
 1988.75 2.30
 1988.83333333333 2.80
 1988.91666666667 2.00
 1989 2.50
 1989.08333333333 2.00
 1989.16666666667 1.80
 1989.25 2.70
 1989.33333333333 2.00
 1989.41666666667 1.20
 1989.5 1.50
 1989.58333333333 -0.50
 1989.66666666667 0.80
 1989.75 1.30
 1989.83333333333 -0.40
 1989.91666666667 -0.90
 1990 -0.10
 1990.08333333333 -3.00
 1990.16666666667 -0.70
 1990.25 0.30
 1990.33333333333 2.00
 1990.41666666667 0.50
 1990.5 0.90
 1990.58333333333 -0.30
 1990.66666666667 -1.20
 1990.75 0.40
 1990.83333333333 -0.80
 1990.91666666667 -0.40
 1991 1.00
 1991.08333333333 0.40
 1991.16666666667 -1.10
 1991.25 -1.00
 1991.33333333333 -1.70
 1991.41666666667 -0.20
 1991.5 0.00
 1991.58333333333 -0.70
 1991.66666666667 -2.50
 1991.75 -1.70
 1991.83333333333 -1.10
 1991.91666666667 -2.90
 1992 -4.70
 1992.08333333333 -1.50
 1992.16666666667 -3.30
 1992.25 -1.70
 1992.33333333333 0.40
 1992.41666666667 -1.00
 1992.5 -1.00
 1992.58333333333 0.60
 1992.66666666667 0.10
 1992.75 -2.30
 1992.83333333333 -1.10
 1992.91666666667 -0.90
 1993 -1.50
 1993.08333333333 -1.20
 1993.16666666667 -0.80
 1993.25 -1.90
 1993.33333333333 -0.60
 1993.41666666667 -1.40
 1993.5 -1.30
 1993.58333333333 -1.60
 1993.66666666667 -1.20
 1993.75 -1.80
 1993.83333333333 -0.10
 1993.91666666667 0.30
 1994 -0.20
 1994.08333333333 0.40
 1994.16666666667 -1.10
 1994.25 -2.10
 1994.33333333333 -1.10
 1994.41666666667 -0.70
 1994.5 -2.20
 1994.58333333333 -2.00
 1994.66666666667 -2.60
 1994.75 -1.90
 1994.83333333333 -0.90
 1994.91666666667 -2.00
 1995 -0.70
 1995.08333333333 -0.20
 1995.16666666667 1.20
 1995.25 -1.10
 1995.33333333333 -0.60
 1995.41666666667 0.20
 1995.5 0.70
 1995.58333333333 0.50
 1995.66666666667 0.40
 1995.75 0.00
 1995.83333333333 0.10
 1995.91666666667 -0.80
 1996 1.60
 1996.08333333333 0.40
 1996.16666666667 1.90
 1996.25 1.30
 1996.33333333333 0.50
 1996.41666666667 1.90
 1996.5 1.10
 1996.58333333333 1.20
 1996.66666666667 1.00
 1996.75 1.00
 1996.83333333333 -0.10
 1996.91666666667 1.50
 1997 0.80
 1997.08333333333 2.90
 1997.16666666667 -0.70
 1997.25 -1.00
 1997.33333333333 -2.20
 1997.41666666667 -2.30
 1997.5 -1.20
 1997.58333333333 -2.40
 1997.66666666667 -2.40
 1997.75 -2.40
 1997.83333333333 -2.00
 1997.91666666667 -1.60
 1998 -4.40
 1998.08333333333 -3.40
 1998.16666666667 -4.00
 1998.25 -2.40
 1998.33333333333 0.40
 1998.41666666667 1.60
 1998.5 2.00
 1998.58333333333 1.90
 1998.66666666667 1.70
 1998.75 1.80
 1998.83333333333 1.70
 1998.91666666667 2.30
 1999 3.00
 1999.08333333333 1.60
 1999.16666666667 2.10
 1999.25 2.30
 1999.33333333333 0.40
 1999.41666666667 0.40
 1999.5 0.90
 1999.58333333333 0.60
 1999.66666666667 -0.10
 1999.75 1.60
 1999.83333333333 1.70
 1999.91666666667 2.40
 2000 1.10
 2000.08333333333 2.70
 2000.16666666667 2.20
 2000.25 2.00
 2000.33333333333 0.60
 2000.41666666667 -0.30
 2000.5 -0.30
 2000.58333333333 1.20
 2000.66666666667 1.40
 2000.75 1.80
 2000.83333333333 3.00
 2000.91666666667 1.30
 2001 1.60
 2001.08333333333 2.80
 2001.16666666667 1.50
 2001.25 0.30
 2001.33333333333 -0.80
 2001.41666666667 0.50
 2001.5 -0.30
 2001.58333333333 -0.70
 2001.66666666667 0.30
 2001.75 -0.10
 2001.83333333333 1.10
 2001.91666666667 -1.40
 2002 0.70
 2002.08333333333 1.80
 2002.16666666667 -0.40
 2002.25 -0.10
 2002.33333333333 -1.40
 2002.41666666667 -0.40
 2002.5 -0.80
 2002.58333333333 -1.60
 2002.66666666667 -1.00
 2002.75 -0.60
 2002.83333333333 -0.70
 2002.91666666667 -1.80
 2003 -0.30
 2003.08333333333 -1.10
 2003.16666666667 -0.50
 2003.25 -0.20
 2003.33333333333 -0.50
 2003.41666666667 -1.00
 2003.5 0.50
 2003.58333333333 0.20
 2003.66666666667 -0.20
 2003.75 0.00
 2003.83333333333 -0.50
 2003.91666666667 1.80
 2004 -2.20
 2004.08333333333 2.00
 2004.16666666667 0.70
 2004.25 -1.50
 2004.33333333333 1.70
 2004.41666666667 -1.40
 2004.5 -0.80
 2004.58333333333 -0.50
 2004.66666666667 -0.60
 2004.75 -0.10
 2004.83333333333 -1.10
 2004.91666666667 -1.30
 2005 0.60
 2005.08333333333 -5.20
 2005.16666666667 0.50
 2005.25 -1.00
 2005.33333333333 -1.30
 2005.41666666667 0.70
 2005.5 0.30
 2005.58333333333 -0.60
 2005.66666666667 0.60
 2005.75 2.00
 2005.83333333333 -0.30
 2005.91666666667 -0.00
 2006 2.70
 2006.08333333333 0.20
 2006.16666666667 2.90
 2006.25 1.80
 2006.33333333333 -0.80
 2006.41666666667 -0.40
 2006.5 -1.00
 2006.58333333333 -1.70
 2006.66666666667 -1.00
 2006.75 -2.10
 2006.83333333333 0.10
 2006.91666666667 -0.50
 2007 -1.30
 2007.08333333333 -0.10
 2007.16666666667 0.30
 2007.25 -0.20
 2007.33333333333 -0.20
 2007.41666666667 0.90
 2007.5 -0.50
 2007.58333333333 0.70
 2007.66666666667 0.30
 2007.75 1.20
 2007.83333333333 1.40
 2007.91666666667 2.70
 2008 2.90
 2008.08333333333 4.40
 2008.16666666667 2.40
 2008.25 1.10
 2008.33333333333 -0.10
 2008.41666666667 1.00
 2008.5 0.50
 2008.58333333333 1.70
 2008.66666666667 2.00
 2008.75 2.10
 2008.83333333333 2.20
 2008.91666666667 2.40
 2009 1.80
 2009.08333333333 3.10
 2009.16666666667 0.70
 2009.25 1.30
 2009.33333333333 -0.20
 2009.41666666667 0.20
 2009.5 0.40
 2009.58333333333 -0.30
 2009.66666666667 0.50
 2009.75 -2.00
 2009.83333333333 -1.00
 2009.91666666667 -1.20
 2010 -1.80
 2010.08333333333 -2.40
 2010.16666666667 -1.10
 2010.25 2.00
 2010.33333333333 1.50
 2010.41666666667 0.60
 2010.5 3.00
 2010.58333333333 3.00
 2010.66666666667 3.70
 2010.75 2.90
 2010.83333333333 2.10
 2010.91666666667 4.80
 2011 3.80
 2011.08333333333 4.50
 2011.16666666667 4.20
 2011.25 3.10
 2011.33333333333 0.60
 2011.41666666667 0.40
 2011.5 1.60
 2011.58333333333 0.70
 2011.66666666667 1.70
 2011.75 1.20
 2011.83333333333 1.80
 2011.91666666667 4.10
 2012 1.80
 2012.08333333333 0.80
 2012.16666666667 1.20
 2012.25 -0.40
 2012.33333333333 0.10
 2012.41666666667 -0.70
 2012.5 -0.10
 2012.58333333333 -0.30
 2012.66666666667 0.40
 2012.75 0.50
 2012.83333333333 0.40
 2012.91666666667 -1.00
 2013 -0.10
 2013.08333333333 -0.40
 2013.16666666667 2.50
 2013.25 0.40
 2013.33333333333 1.30
 2013.41666666667 2.00
 2013.5 1.30
 2013.58333333333 0.30
 2013.66666666667 0.50
 2013.75 -0.10
 2013.83333333333 1.20
 2013.91666666667 0.10
 2014 2.40
 2014.08333333333 0.10
 2014.16666666667 -1.50
 2014.25 1.30
 2014.33333333333 0.90
 2014.41666666667 0.30
 2014.5 -0.30
 2014.58333333333 -1.20
 2014.66666666667 -1.20
 2014.75 -1.00
 2014.83333333333 -1.50
 2014.91666666667 -0.90
 2015 -1.40
 2015.08333333333 0.40
 2015.16666666667 -1.20
 2015.25 -0.10
 2015.33333333333 -1.20
 2015.41666666667 -0.90
 2015.5 -1.90
 2015.58333333333 -2.40
 2015.66666666667 -2.70
 2015.75 -2.80
 2015.83333333333 -0.80
 2015.91666666667 -0.90
 2016 -3.60
 2016.08333333333 -3.20
 2016.16666666667 -0.10
 2016.25 -2.00
 2016.33333333333 0.70
 2016.41666666667 1.10
 2016.5 0.70
 2016.58333333333 1.20
 2016.66666666667 2.00
 2016.75 -0.40
 2016.83333333333 -0.20
 2016.91666666667 0.50
 2017 0.30
 2017.08333333333 -0.10
 2017.16666666667 1.50
 2017.25 -0.30
 2017.33333333333 0.40
 2017.41666666667 -0.70
 2017.5 1.30
 2017.58333333333 0.90
 2017.66666666667 1.00
 2017.75 1.50
 2017.83333333333 1.50
 2017.91666666667 -0.20
 2018 1.80
 2018.08333333333 -0.80
 2018.16666666667 2.40
 2018.25 0.80
 2018.33333333333 0.60
 2018.41666666667 -0.20
 2018.5 0.40
 2018.58333333333 -0.50
 2018.66666666667 -1.50
 2018.75 0.60
 2018.83333333333 -0.10
 2018.91666666667 1.70
 2019 -0.10
 2019.08333333333 -2.30
 2019.16666666667 -0.50
 2019.25 0.20
 2019.33333333333 -0.70
 2019.41666666667 -0.70
 2019.5 -0.60
 2019.58333333333 -0.20
 2019.66666666667 -1.90
 2019.75 -0.60
 2019.83333333333 -1.40
 2019.91666666667 -0.90
 2020 0.30
 2020.08333333333 -0.10
 2020.16666666667 -0.20
 2020.25 0.30
 2020.33333333333 0.70
 2020.41666666667 -0.60
 2020.5 0.70
 2020.58333333333 1.80
 2020.66666666667 1.50
 2020.75 0.80
 2020.83333333333 1.10
 2020.91666666667 3.00
 2021 3.20
 2021.08333333333 2.50
 2021.16666666667 0.60
 2021.25 0.60
 2021.33333333333 0.80
 2021.41666666667 0.70
 2021.5 2.30
 2021.58333333333 1.00
 2021.66666666667 1.30
 2021.75 1.20
 2021.83333333333 1.60
 2021.91666666667 2.50
 2022 0.80
 2022.08333333333 1.80
 2022.16666666667 2.90
 2022.25 2.80
 2022.33333333333 2.40
 2022.41666666667 2.80
 2022.5 1.30
 2022.58333333333 1.70
 2022.66666666667 2.70
 2022.75  
 2022.83333333333  
 2022.91666666667  
